ISS                     
1 25544U 98067A   26268.43198945  .00011731  00000+0  21853-3 0  9991
2 25544  51.6316 163.9608 0004776 179.9710 180.1280 15.49288785587293
Tiangong                
1 48274U 21035A   26268.85113156  .00011005  00000+0  13476-3 0  9990
2 48274  41.4681  70.7432 0001973 306.6015  53.4642 15.60272951308884
Hubble                  
1 20580U 90037B   26268.90173800  .00006276  00000+0  19137-3 0  9990
2 20580  28.4721 111.6873 0001494 175.3417 184.7194 15.31755987804023
Fermi                   
1 33053U 08029A   26268.59183983  .00003245  00000+0  11515-3 0  9992
2 33053  25.5821 227.0784 0008382  73.0578 287.0878 15.24398360 11025
Terra                   
1 25994U 99068A   26268.89050841  .00000264  00000+0  62539-4 0  9990
2 25994  97.9352 314.3930 0000856 271.6828 153.3948 14.61165676424312
Aqua                    
1 27424U 02022A   26268.91558257  .00000620  00000+0  13298-3 0  9994
2 27424  98.4410 240.2757 0001336  63.2509 321.1192 14.62213818297993
Aura                    
1 28376U 04026A   26268.90842101  .00000637  00000+0  13828-3 0  9997
2 28376  98.3535 226.2575 0001310  66.9296 293.2042 14.61452750180920
Suomi NPP               
1 37849U 11061A   26268.92353520  .00000046  00000+0  42641-4 0  9993
2 37849  98.8020 209.1358 0002618  54.8592 305.2829 14.19535108772730
NOAA-20                 
1 43013U 17073A   26268.79627802  .00000050  00000+0  44844-4 0  9996
2 43013  98.7831 207.3861 0001130  37.8178 322.3077 14.19527664458742
NOAA-21                 
1 54234U 22150A   26268.89791689  .00000018  00000+0  29078-4 0  9997
2 54234  98.7114 206.0112 0000657 275.4139  84.6962 14.19550678200835
GOES-16                 
1 41866U 16071A   26268.60250057 -.00000088  00000+0  00000+0 0  9994
2 41866   0.5813  84.1798 0001965 136.9924 255.4834  1.00271652 36112
GOES-18                 
1 51850U 22021A   26268.73865449  .00000099  00000+0  00000+0 0  9992
2 51850   0.0386 329.8772 0000495 272.0963 251.5173  1.00272723  7604
Landsat 8               
1 39084U 13008A   26268.90081758  .00000237  00000+0  62599-4 0  9994
2 39084  98.2208 337.7889 0001308  95.0329 265.1019 14.57104524712568
Landsat 9               
1 49260U 21088A   26268.72919301  .00000246  00000+0  64704-4 0  9992
2 49260  98.2189 337.6394 0001483  92.2835 267.8534 14.57102901265648
Sentinel-1A             
1 39634U 14016A   26268.94358248  .00000154  00000+0  41803-4 0  9993
2 39634  98.1593 274.8962 0001470  86.6702 273.4666 14.59807981664711
Sentinel-2A             
1 40697U 15028A   26268.91396428 -.00000087  00000+0 -16582-4 0  9990
2 40697  98.5669 342.2986 0001120  85.1456 274.9854 14.30816900588134
Sentinel-2B             
1 42063U 17013A   26268.90680617 -.00000054  00000+0 -40887-5 0  9990
2 42063  98.5714 342.2328 0001176  87.8105 272.3212 14.30815534499048
Sentinel-3A             
1 41335U 16011A   26268.85291859  .00000066  00000+0  45475-4 0  9996
2 41335  98.6269 334.7800 0001218 106.3208 253.8106 14.26736730552416
Sentinel-6              
1 46984U 20086A   26268.80344453 -.00000036  00000+0  10986-3 0  9998
2 46984  66.0399 286.0707 0007926 269.1383  90.8724 12.80929782273215
Jason-3                 
1 41240U 16002A   26268.89594287 -.00000045  00000+0  66571-4 0  9994
2 41240  66.0397 274.1038 0008622 267.4283  92.5749 12.87627850500219
SWOT                    
1 54754U 22173A   26268.88161951  .00000076  00000+0  52943-4 0  9992
2 54754  77.6074 259.3764 0000221 166.8389 193.2768 14.00172540193249
ICESat-2                
1 43613U 18070A   26268.86182184  .00007814  00000+0  28367-3 0  9993
2 43613  92.0013 318.1635 0006014  88.9631 271.2307 15.28270941447834
GRACE-FO 1              
1 43476U 18047A   26268.89888471  .00004214  00000+0  10462-3 0  9997
2 43476  89.0005 184.1333 0009763  78.9218 281.3135 15.40029660465282
OCO-2                   
1 40059U 14035A   26268.89328148  .00000315  00000+0  80035-4 0  9996
2 40059  98.2083 208.6775 0001541  72.7612 287.3755 14.57096344650710
TanDEM-X                
1 36605U 10030A   26266.53309665 -.00000019  00000+0  22895-5 0  9994
2 36605  97.4471 272.8474 0001844  88.4342 271.7104 15.19151327901573
GCOM-W1                 
1 38337U 12025A   26268.76999209  .00000376  00000+0  93560-4 0  9991
2 38337  98.2084 207.8231 0001679  82.4278 335.2712 14.57107180763681
